load('jo_ws10_25_23_5.mat')
load('data_nfblab_2023-10-25_13-34.mat')
prev = dynRange

prev =

   59.1523   64.5482

load('data_nfblab_2023-10-25_13-04.mat')
load('data_nfblab_2023-10-25_13-14.mat')
load('jo_ws10_25_23_0.mat')

--------------------------------------------------------------------------------
           Illegal instruction detected at 2023-10-25 14:00:06 -0400
--------------------------------------------------------------------------------

Configuration:
  Crash Decoding           : Disabled - No sandbox or build area path
  Crash Mode               : continue (default)
  Default Encoding         : UTF-8
  Deployed                 : false
  Graphics Driver          : Intel Inc. Intel(R) Iris(TM) Plus Graphics OpenGL Engine Version 2.1 INTEL-20.6.4
  Graphics Text Issue Info : xmin=-26.750000, ymin=0.000000, xmax=26.750000, ymax=14.500000
  Java Version             : Java 1.8.0_202-b08 with Oracle Corporation Java HotSpot(TM) 64-Bit Server VM mixed mode
  MATLAB Architecture      : maci64
  MATLAB Entitlement ID    : 1494643
  MATLAB Root              : /Applications/MATLAB_R2022b.app
  MATLAB Version           : 9.13.0.2049777 (R2022b)
  OpenGL                   : hardware
  Operating System         : Mac OS Version 13.5.2 (Build 22G91)
  Process ID               : 1945
  Processor ID             : x86 Family 6 Model 126 Stepping 5, GenuineIntel
  Session Key              : 3d927faf-dd28-4c15-86bb-80d5e9ed53e9
  Window System            : Quartz

Fault Count: 1


Abnormal termination:
Illegal instruction

Current Thread: 'PTB mainthread' id 0x70000ed20000

Register State (from fault):
  RAX = 0000000015a71f18  RBX = 0000000001050002
  RCX = 00007ff816f87b9f  RDX = 000000000000ff03
  RSP = 000070000ed1b3e8  RBP = 000070000ed1b420
  RSI = 00007fc726e99790  RDI = 0000000015a71f18

   R8 = 0000000000000066   R9 = 0000000000000065
  R10 = 0000000000000000  R11 = 0000000000000246
  R12 = 0000000000050000  R13 = 000000000000ff03
  R14 = 0000000000000000  R15 = 00007fc726e99790

  RIP = 00007ff816f873d2  RFL = 0000000000010206

   CS = 000000000000002b   FS = 0000000000000000   GS = 0000000000000000

Stack Trace (from fault):
[  0] 0x0000000104f7ab94 /Applications/MATLAB_R2022b.app/bin/maci64/libmwfl.dylib+00007060 _ZN10foundation4core4diag15stacktrace_base7captureERKNS1_14thread_contextEm+00000052
[  1] 0x0000000104f7f05a /Applications/MATLAB_R2022b.app/bin/maci64/libmwfl.dylib+00024666 _ZN10foundation4core4test17terminate_handledERKNSt3__112basic_stringIcNS2_11char_traitsIcEENS2_9allocatorIcEEEE+00006778
[  2] 0x0000000104f7d2e5 /Applications/MATLAB_R2022b.app/bin/maci64/libmwfl.dylib+00017125 _ZN10foundation4core4diag13terminate_logEPKcPK17__darwin_ucontext+00000149
[  3] 0x000000010d0b73fc /Applications/MATLAB_R2022b.app/bin/maci64/libmwmcr.dylib+00521212 _Z19mnPrintErrorMessageRKNSt3__112basic_stringIcNS_11char_traitsIcEENS_9allocatorIcEEEE+00011884
[  4] 0x000000010d0b5483 /Applications/MATLAB_R2022b.app/bin/maci64/libmwmcr.dylib+00513155 _Z19mnPrintErrorMessageRKNSt3__112basic_stringIcNS_11char_traitsIcEENS_9allocatorIcEEEE+00003827
[  5] 0x000000010d0b2d35 /Applications/MATLAB_R2022b.app/bin/maci64/libmwmcr.dylib+00503093 mnFatalSignalHandler+00000149
[  6] 0x00007ff816f835ed           /usr/lib/system/libsystem_platform.dylib+00013805 _sigtramp+00000029
[  7] 0x0000000000000001                                   <unknown-module>+00000000
[  8] 0x00007ff816f52101            /usr/lib/system/libsystem_pthread.dylib+00008449 pthread_mutex_destroy+00000047
[  9] 0x00007ff816e95355                            /usr/lib/libc++.1.dylib+00066389 _ZNSt3__15mutexD1Ev+00000009
[ 10] 0x000000019caae2fe /Users/samanthapitts/Documents/MATLAB/liblsl-Matlab/bin/liblsl.dylib+00172798 lsl_smoothing_halftime+00001902
[ 11] 0x000000019caab613 /Users/samanthapitts/Documents/MATLAB/liblsl-Matlab/bin/liblsl.dylib+00161299 lsl_destroy_inlet+00000019
[ 12] 0x000000010ebc3851 /Applications/MATLAB_R2022b.app/bin/maci64/libmex.dylib+00378961 _ZNK18C_DispatchStrategy8dispatchEiPP11mxArray_tagiS2_+00000305
[ 13] 0x000000010ebc3770 /Applications/MATLAB_R2022b.app/bin/maci64/libmex.dylib+00378736 _ZNK18C_DispatchStrategy8dispatchEiPP11mxArray_tagiS2_+00000080
[ 14] 0x000000010ebc415d /Applications/MATLAB_R2022b.app/bin/maci64/libmex.dylib+00381277 _ZNK24SCCompatDispatchStrategy8dispatchEiPP11mxArray_tagiS2_+00000061
[ 15] 0x000000010ebc35d6 /Applications/MATLAB_R2022b.app/bin/maci64/libmex.dylib+00378326 _ZN7Mfh_mex30dispatch_file_with_protectionsEiPP11mxArray_tagiS2_+00000470
[ 16] 0x000000010ebaaae6 /Applications/MATLAB_R2022b.app/bin/maci64/libmex.dylib+00277222 _ZN7Mfh_mex13dispatch_fileEiPP11mxArray_tagiS2_+00000150
[ 17] 0x000000010d395173 /Applications/MATLAB_R2022b.app/bin/maci64/libmwm_dispatcher.dylib+00762227 _ZN8Mfh_file8dispatchEiPNSt3__110unique_ptrI11mxArray_tagN6matrix6detail17mxDestroy_deleterEEEiPPS2_+00000387
[ 18] 0x000000010f9077d6 /Applications/MATLAB_R2022b.app/bin/maci64/libmwlxemainservices.dylib+00501718 _ZN9MathWorks3lxe13LxeDispatcher12apply_handleEP13Mfh_MATLAB_fnmPNS0_6xvalueEmPKS4_RKNS0_12LxeTypesBaseENS0_9ApplyTypeE+00001206
[ 19] 0x00000001138b2ea0 /Applications/MATLAB_R2022b.app/bin/maci64/libmwm_lxe.dylib+05615264 _ZN9MathWorks3lxe16ans_apply_handleEPvNS_2ts4TypeEPKvS1_S1_+00000256
[ 20] 0x00000001137e450e /Applications/MATLAB_R2022b.app/bin/maci64/libmwm_lxe.dylib+04769038 _ZN9MathWorks3lxe38cpp_primitive_template_fn_with_contextIXadL_ZNS0_16ans_apply_handleEPvNS_2ts4TypeEPKvS2_S2_EEEEbS2_S4_S6_S2_S2_+00000014
[ 21] 0x00000001136e5ab7 /Applications/MATLAB_R2022b.app/bin/maci64/libmwm_lxe.dylib+03726007 callPrimitiveWrapper+00000263
[ 22] 0x00000001136c8a30 /Applications/MATLAB_R2022b.app/bin/maci64/libmwm_lxe.dylib+03607088 _ZN9MathWorks3lxe15ExecutionDriver9ThreadRunEv+00000448
[ 23] 0x00000001136cf09e /Applications/MATLAB_R2022b.app/bin/maci64/libmwm_lxe.dylib+03633310 _ZN9MathWorks3lxe12IrEngineImpl5ApplyERKN2ir4termEPvS6_+00000302
[ 24] 0x000000010fa4c175 /Applications/MATLAB_R2022b.app/bin/maci64/libmwlxemainservices.dylib+01831285 _ZN9MathWorks3lxe17IrEngineDecorator5ApplyERKN2ir4termEPvS6_+00000101
[ 25] 0x000000010f8fe0d3 /Applications/MATLAB_R2022b.app/bin/maci64/libmwlxemainservices.dylib+00463059 _ZN9MathWorks3lxe27FileBasedMatlabCodeFunction16DispatchFunctionEiPP11mxArray_tagiS4_+00001267
[ 26] 0x000000010f8fec71 /Applications/MATLAB_R2022b.app/bin/maci64/libmwlxemainservices.dylib+00466033 _ZN9MathWorks3lxe27FileBasedMatlabCodeFunction12DispatchFileEiPP11mxArray_tagiS4_b+00000145
[ 27] 0x000000010d394a1b /Applications/MATLAB_R2022b.app/bin/maci64/libmwm_dispatcher.dylib+00760347 _ZN8Mfh_file8dispatchEiPP11mxArray_tagiS2_+00000267
[ 28] 0x0000000123e2594c /Applications/MATLAB_R2022b.app/bin/maci64/libmwmcos_impl.dylib+02505036 _ZN4mcos26invokeMMethodWithReuseFlagEPNS_13COSMethodInfoEbPKNS_9COSClientERiPNS_8COSValueEiPKS6_+00000764
[ 29] 0x0000000123e3957c /Applications/MATLAB_R2022b.app/bin/maci64/libmwmcos_impl.dylib+02585980 _ZN4mcos51issueErrorForIncorrectAssignmentToEnumTypedPropertyEmPNS_9MPropInfoEPKc+00023676
[ 30] 0x0000000123ca6f93 /Applications/MATLAB_R2022b.app/bin/maci64/libmwmcos_impl.dylib+00937875 _ZN4mcos22ClassDefinitionManager20callCachedDestructorENS_15COSInterfacePtrE+00000195
[ 31] 0x0000000123c18ea5 /Applications/MATLAB_R2022b.app/bin/maci64/libmwmcos_impl.dylib+00356005 _ZN4mcos9COSClassI14callDestructorENS_15COSInterfacePtrE+00000181
[ 32] 0x0000000123caf9dd /Applications/MATLAB_R2022b.app/bin/maci64/libmwmcos_impl.dylib+00973277 _ZN4mcos22ClassDefinitionManager15destroyInstanceEPNS_12COSInterfaceE+00000093
[ 33] 0x0000000123c80802 /Applications/MATLAB_R2022b.app/bin/maci64/libmwmcos_impl.dylib+00780290 _ZN4mcos13COSInterfaceI7destroyEPKNS_9COSClientE+00000290
[ 34] 0x0000000123c811a5 /Applications/MATLAB_R2022b.app/bin/maci64/libmwmcos_impl.dylib+00782757 _ZN4mcos13COSInterfaceI10destroyRefEv+00000149
